-0.26
-0.26
-0.26
-0.27
-0.27
-0.27
-0.28
-0.29
-0.29
-0.30
-0.32
-0.33
-0.32
-0.33
-0.34
-0.34
-0.35
-0.36
-0.36
-0.38
-0.38
-0.39
-0.40
-0.40
-0.41
-0.41
-0.42
-0.41
-0.41
-0.42
-0.42
-0.42
-0.42
-0.42
-0.42
-0.40
-0.39
-0.39
-0.38
-0.37
-0.36
-0.35
-0.34
-0.32
-0.32
-0.30
-0.30
-0.30
-0.29
-0.27
-0.28
-0.28
-0.28
-0.27
-0.27
-0.27
-0.26
-0.25
-0.26
-0.26
-0.26
-0.27
-0.27
-0.28
-0.28
-0.29
-0.29
-0.30
-0.30
-0.32
-0.33
-0.34
-0.35
-0.36
-0.38
-0.38
-0.39
-0.39
-0.40
-0.41
-0.42
-0.42
-0.43
-0.45
-0.45
-0.46
-0.46
-0.45
-0.46
-0.45
-0.46
-0.46
-0.46
-0.45
-0.44
-0.44
-0.43
-0.42
-0.41
-0.42
-0.40
-0.39
-0.39
-0.39
-0.38
-0.38
-0.37
-0.37
-0.36
-0.35
-0.35
-0.35
-0.35
-0.35
-0.36
-0.36
-0.35
-0.37
-0.37
-0.36
-0.37
-0.38
-0.39
-0.39
-0.40
-0.40
-0.41
-0.41
-0.41
-0.43
-0.43
-0.43
-0.43
-0.43
-0.43
-0.43
-0.42
-0.43
-0.43
-0.43
-0.43
-0.43
-0.41
-0.41
-0.41
-0.41
-0.41
-0.40
-0.39
-0.40
-0.40
-0.40
-0.40
-0.39
-0.39
-0.38
-0.37
-0.38
-0.37
-0.37
-0.37
-0.37
-0.37
-0.36
-0.37
-0.35
-0.36
-0.35
-0.35
-0.34
-0.34
-0.34
-0.34
-0.32
-0.33
-0.34
-0.34
-0.33
-0.34
-0.34
-0.35
-0.36
-0.37
-0.38
-0.38
-0.39
-0.40
-0.41
-0.41
-0.42
-0.43
-0.45
-0.46
-0.46
-0.46
-0.47
-0.47
-0.47
-0.48
-0.48
-0.48
-0.48
-0.48
-0.47
-0.46
-0.46
-0.45
-0.45
-0.44
-0.43
-0.43
-0.42
-0.42
-0.41
-0.40
-0.41
-0.40
-0.41
-0.39
-0.39
-0.39
-0.38
-0.39
-0.39
-0.39
-0.40
-0.40
-0.41
-0.41
-0.42
-0.42
-0.44
-0.44
-0.45
-0.45
-0.46
-0.45
-0.46
-0.46
-0.46
-0.46
-0.47
-0.46
-0.45
-0.46
-0.47
-0.46
-0.47
-0.47
-0.46
-0.47
-0.49
-0.50
-0.50
-0.51
-0.51
-0.51
-0.51
-0.51
-0.52
-0.53
-0.52
-0.52
-0.53
-0.52
-0.52
-0.52
-0.51
-0.52
-0.52
-0.52
-0.53
-0.53
-0.54
-0.54
-0.55
-0.55
-0.57
-0.58
-0.58
-0.59
-0.61
-0.62
-0.63
-0.64
-0.65
-0.66
-0.68
-0.69
-0.70
-0.70
-0.73
-0.74
-0.76
-0.79
-0.80
-0.82
-0.83
-0.86
-0.89
-0.91
-0.93
-0.97
-1.00
-1.03
-1.04
-1.06
-1.09
-1.11
-1.14
-1.16
-1.19
-1.21
-1.24
-1.26
-1.29
-1.31
-1.33
-1.35
-1.37
-1.41
-1.44
-1.46
-1.47
-1.49
-1.51
-1.54
-1.56
-1.59
-1.62
-1.65
-1.67
-1.70
-1.75
-1.77
-1.82
-1.85
-1.90
-1.93
-1.99
-2.03
-2.09
-2.13
-2.20
-2.25
-2.31
-2.36
-2.42
-2.48
-2.54
-2.59
-2.65
-2.69
-2.74
-2.79
-2.83
-2.88
-2.93
-2.98
-3.04
-3.08
-3.15
-3.20
-3.26
-3.32
-3.41
-3.49
-3.56
-3.63
-3.72
-3.78
-3.88
-3.95
-4.04
-4.10
-4.19
-4.27
-4.35
-4.43
-4.50
-4.58
-4.67
-4.77
-4.84
-4.91
-5.00
-5.08
-5.17
-5.24
-5.30
-5.38
-5.44
-5.48
-5.54
-5.58
-5.63
-5.67
-5.71
-5.74
-5.79
-5.82
-5.86
-5.90
-5.95
-5.99
-6.04
-6.09
-6.15
-6.20
-6.25
-6.32
-6.38
-6.44
-6.49
-6.57
-6.64
-6.72
-6.78
-6.87
-6.95
-7.03
-7.13
-7.19
-7.29
-7.36
-7.46
-7.53
-7.63
-7.72
-7.81
-7.87
-7.97
-8.03
-8.11
-8.19
-8.25
-8.32
-8.38
-8.46
-8.53
-8.61
-8.67
-8.76
-8.83
-8.91
-9.00
-9.11
-9.18
-9.27
-9.39
-9.47
-9.58
-9.67
-9.76
-9.84
-9.92
-10.01
-10.10
-10.17
-10.26
-10.35
-10.41
-10.48
-10.57
-10.63
-10.70
-10.78
-10.84
-10.90
-10.95
-11.01
-11.08
-11.13
-11.19
-11.25
-11.32
-11.38
-11.43
-11.49
-11.55
-11.61
-11.68
-11.73
-11.84
-11.93
-12.03
-12.11
-12.23
-12.32
-12.45
-12.55
-12.67
-12.78
-12.89
-13.02
-13.14
-13.25
-13.35
-13.48
-13.61
-13.73
-13.83
-13.95
-14.06
-14.16
-14.25
-14.34
-14.44
-14.52
-14.60
-14.66
-14.74
-14.81
-14.85
-14.89
-14.92
-14.97
-15.00
-15.02
-15.08
-15.14
-15.18
-15.21
-15.23
-15.24
-15.26
-15.26
-15.27
-15.29
-15.32
-15.34
-15.38
-15.39
-15.40
-15.41
-15.42
-15.43
-15.45
-15.47
-15.50
-15.53
-15.57
-15.59
-15.62
-15.64
-15.67
-15.68
-15.72
-15.74
-15.80
-15.88
-15.94
-15.99
-16.05
-16.11
-16.16
-16.21
-16.25
-16.29
-16.33
-16.38
-16.44
-16.50
-16.54
-16.59
-16.63
-16.64
-16.66
-16.68
-16.71
-16.72
-16.73
-16.72
-16.70
-16.68
-16.66
-16.64
-16.61
-16.58
-16.56
-16.52
-16.49
-16.44
-16.41
-16.36
-16.31
-16.24
-16.18
-16.13
-16.07
-16.01
-15.95
-15.89
-15.83
-15.78
-15.73
-15.68
-15.66
-15.65
-15.63
-15.63
-15.62
-15.61
-15.60
-15.59
-15.60
-15.59
-15.59
-15.56
-15.53
-15.50
-15.46
-15.43
-15.42
-15.38
-15.35
-15.29
-15.24
-15.18
-15.13
-15.09
-15.03
-14.99
-14.95
-14.89
-14.85
-14.82
-14.78
-14.74
-14.72
-14.71
-14.69
-14.69
-14.68
-14.69
-14.71
-14.74
-14.77
-14.82
-14.86
-14.89
-14.88
-14.85
-14.83
-14.79
-14.75
-14.70
-14.67
-14.63
-14.63
-14.62
-14.61
-14.60
-14.60
-14.59
-14.56
-14.53
-14.48
-14.44
-14.42
-14.41
-14.40
-14.40
-14.42
-14.43
-14.41
-14.41
-14.39
-14.35
-14.32
-14.29
-14.27
-14.26
-14.25
-14.26
-14.26
-14.25
-14.23
-14.23
-14.22
-14.22
-14.22
-14.21
-14.20
-14.20
-14.20
-14.20
-14.21
-14.22
-14.25
-14.27
-14.30
-14.30
-14.30
-14.28
-14.27
-14.27
-14.28
-14.29
-14.29
-14.29
-14.29
-14.27
-14.26
-14.23
-14.20
-14.19
-14.17
-14.17
-14.16
-14.15
-14.15
-14.16
-14.18
-14.19
-14.22
-14.21
-14.20
-14.17
-14.15
-14.14
-14.13
-14.13
-14.14
-14.15
-14.16
-14.15
-14.15
-14.15
-14.14
-14.12
-14.10
-14.08
-14.08
-14.07
-14.05
-14.05
-14.03
-14.03
-14.01
-13.99
-13.96
-13.94
-13.90
-13.86
-13.85
-13.82
-13.79
-13.79
-13.80
-13.81
-13.81
-13.82
-13.83
-13.82
-13.82
-13.82
-13.82
-13.83
-13.84
-13.84
-13.85
-13.86
-13.88
-13.87
-13.87
-13.87
-13.87
-13.87
-13.86
-13.86
-13.84
-13.84
-13.84
-13.83
-13.80
-13.78
-13.77
-13.77
-13.76
-13.77
-13.77
-13.79
-13.80
-13.80
-13.80
-13.81
-13.82
-13.82
-13.82
-13.83
-13.85
-13.86
-13.88
-13.89
-13.91
-13.92
-13.93
-13.96
-13.98
-13.99
-13.99
-13.99
-13.99
-13.98
-13.96
-13.95
-13.92
-13.90
-13.87
-13.83
-13.80
-13.77
-13.74
-13.71
-13.68
-13.65
-13.62
-13.61
-13.60
-13.60
-13.62
-13.63
-13.61
-13.63
-13.63
-13.63
-13.64
-13.64
-13.66
-13.67
-13.69
-13.68
-13.68
-13.67
-13.66
-13.67
-13.66
-13.66
-13.66
-13.64
-13.62
-13.60
-13.61
-13.61
-13.60
-13.60
-13.58
-13.56
-13.55
-13.53
-13.50
-13.48
-13.46
-13.43
-13.41
-13.39
-13.36
-13.34
-13.30
-13.26
-13.22
-13.17
-13.13
-13.07
-13.03
-12.98
-12.95
-12.91
-12.89
-12.85
-12.84
-12.82
-12.82
-12.79
-12.78
-12.77
-12.76
-12.76
-12.77
-12.77
-12.78
-12.80
-12.81
-12.84
-12.85
-12.87
-12.87
-12.87
-12.87
-12.89
-12.88
-12.87
-12.85
-12.81
-12.78
-12.75
-12.73
-12.69
-12.67
-12.65
-12.63
-12.61
-12.59
-12.57
-12.55
-12.53
-12.51
-12.51
-12.50
-12.50
-12.50
-12.52
-12.52
-12.53
-12.53
-12.53
-12.52
-12.52
-12.51
-12.50
-12.49
-12.47
-12.47
-12.45
-12.44
-12.44
-12.43
-12.41
-12.41
-12.40
-12.39
-12.39
-12.40
-12.43
-12.46
-12.48
-12.51
-12.54
-12.57
-12.60
-12.62
-12.64
-12.65
-12.68
-12.69
-12.71
-12.70
-12.71
-12.71
-12.71
-12.71
-12.71
-12.70
-12.68
-12.67
-12.65
-12.63
-12.61
-12.59
-12.59
-12.57
-12.55
-12.55
-12.55
-12.55
-12.56
-12.56
-12.58
-12.59
-12.61
-12.63
-12.66
-12.68
-12.70
-12.71
-12.73
-12.75
-12.78
-12.80
-12.82
-12.84
-12.85
-12.87
-12.87
-12.88
-12.90
-12.89
-12.89
-12.89
-12.90
-12.90
-12.89
-12.90
-12.89
-12.90
-12.90
-12.90
-12.90
-12.90
-12.91
-12.91
-12.91
-12.93
-12.94
-12.97
-13.00
-13.04
-13.06
-13.10
-13.14
-13.16
-13.19
-13.22
-13.25
-13.26
-13.28
-13.30
-13.31
-13.32
-13.34
-13.33
-13.34
-13.34
-13.34
-13.34
-13.34
-13.34
-13.33
-13.33
-13.34
-13.34
-13.37
-13.40
-13.44
-13.48
-13.48
-13.46
-13.42
-13.36
-13.35
-13.35
-13.39
-13.43
-13.50
-13.57
-13.66
-13.72
-13.78
-13.84
-13.88
-13.92
-13.93
-13.93
-13.91
-13.89
-13.86
-13.85
-13.83
-13.81
-13.80
-13.80
-13.80
-13.80
-13.81
-13.81
-13.81
-13.83
-13.84
-13.84
-13.84
-13.85
-13.87
-13.89
-13.91
-13.93
-13.97
-14.00
-14.03
-14.06
-14.10
-14.14
-14.19
-14.23
-14.26
-14.28
-14.31
-14.33
-14.35
-14.37
-14.37
-14.39
-14.38
-14.39
-14.36
-14.33
-14.29
-14.28
-14.24
-14.22
-14.20
-14.18
-14.16
-14.15
-14.15
-14.16
-14.17
-14.18
-14.20
-14.22
-14.24
-14.27
-14.29
-14.31
-14.32
-14.34
-14.36
-14.36
-14.35
-14.36
-14.37
-14.37
-14.39
-14.40
-14.41
-14.40
-14.39
-14.38
-14.37
-14.36
-14.34
-14.32
-14.29
-14.26
-14.23
-14.21
-14.18
-14.17
-14.16
-14.15
-14.15
-14.15
-14.16
-14.18
-14.21
-14.23
-14.25
-14.28
-14.30
-14.32
-14.34
-14.35
-14.36
-14.36
-14.37
-14.37
-14.35
-14.34
-14.32
-14.31
-14.30
-14.28
-14.26
-14.24
-14.21
-14.17
-14.15
-14.12
-14.09
-14.08
-14.06
-14.05
-14.04
-14.04
-14.04
-14.04
-14.06
-14.07
-14.08
-14.10
-14.12
-14.14
-14.14
-14.14
-14.15
-14.15
-14.15
-14.13
-14.13
-14.12
-14.10
-14.09
-14.08
-14.06
-14.04
-14.03
-14.01
-14.00
-13.98
-13.97
-13.94
-13.92
-13.90
-13.87
-13.88
-13.87
-13.88
-13.88
-13.89
-13.92
-13.94
-13.96
-13.97
-13.99
-14.01
-14.05
-14.07
-14.09
-14.10
-14.11
-14.12
-14.13
-14.13
-14.12
-14.11
-14.11
-14.09
-14.07
-14.06
-14.04
-14.02
-13.98
-13.97
-13.94
-13.90
-13.88
-13.85
-13.85
-13.82
-13.82
-13.80
-13.80
-13.81
-13.82
-13.83
-13.85
-13.86
-13.89
-13.90
-13.92
-13.94
-13.98
-14.00
-14.03
-14.05
-14.06
-14.06
-14.06
-14.06
-14.06
-14.05
-14.04
-14.03
-14.01
-13.99
-13.97
-13.96
-13.94
-13.92
-13.90
-13.86
-13.86
-13.84
-13.83
-13.82
-13.81
-13.81
-13.83
-13.85
-13.88
-13.89
-13.90
-13.93
-13.94
-13.95
-13.97
-13.98
-13.98
-14.00
-14.00
-14.00
-13.99
-13.99
-13.99
-13.97
-13.96
-13.95
-13.93
-13.91
-13.90
-13.88
-13.87
-13.86
-13.86
-13.85
-13.85
-13.85
-13.87
-13.89
-13.91
-13.93
-13.97
-13.99
-14.03
-14.06
-14.09
-14.11
-14.14
-14.18
-14.22
-14.24
-14.26
-14.28
-14.30
-14.30
-14.29
-14.29
-14.28
-14.26
-14.24
-14.21
-14.20
-14.16
-14.13
-14.11
-14.09
-14.07
-14.05
-14.05
-14.05
-14.06
-14.06
-14.07
-14.09
-14.11
-14.13
-14.16
-14.20
-14.22
-14.24
-14.28
-14.29
-14.31
-14.32
-14.33
-14.33
-14.33
-14.33
-14.30
-14.29
-14.26
-14.25
-14.22
-14.20
-14.17
-14.14
-14.11
-14.09
-14.07
-14.06
-14.05
-14.05
-14.05
-14.06
-14.06
-14.07
-14.08
-14.10
-14.10
-14.11
-14.13
-14.16
-14.18
-14.20
-14.22
-14.23
-14.24
-14.24
-14.24
-14.24
-14.24
-14.24
-14.22
-14.20
-14.19
-14.16
-14.14
-14.14
-14.12
-14.10
-14.09
-14.08
-14.06
-14.06
-14.06
-14.06
-14.07
-14.06
-14.06
-14.08
-14.09
-14.11
-14.12
-14.15
-14.16
-14.19
-14.21
-14.22
-14.24
-14.26
-14.27
-14.28
-14.29
-14.29
-14.28
-14.26
-14.24
-14.21
-14.19
-14.15
-14.12
-14.10
-14.06
-14.04
-14.02
-14.00
-13.98
-13.97
-13.96
-13.95
-13.95
-13.95
-13.95
-13.95
-13.97
-13.99
-14.00
-14.02
-14.04
-14.06
-14.08
-14.10
-14.13
-14.15
-14.18
-14.19
-14.20
-14.19
-14.19
-14.18
-14.16
-14.16
-14.14
-14.13
-14.11
-14.09
-14.07
-14.06
-14.05
-14.05
-14.03
-14.03
-14.03
-14.02
-14.00
-14.01
-14.00
-14.00
-14.00
-14.00
-14.01
-14.03
-14.05
-14.06
-14.06
-14.07
-14.08
-14.07
-14.09
-14.08
-14.09
-14.07
-14.06
-14.04
-14.01
-13.97
-13.95
-13.93
-13.91
-13.88
-13.87
-13.86
-13.85
-13.83
-13.83
-13.83
-13.83
-13.82
-13.82
-13.82
-13.82
-13.83
-13.85
-13.87
-13.87
-13.89
-13.92
-13.93
-13.94
-13.95
-13.95
-13.96
-13.96
-13.94
-13.92
-13.89
-13.88
-13.86
-13.83
-13.81
-13.79
-13.79
-13.77
-13.78
-13.79
-13.78
-13.79
-13.78
-13.78
-13.80
-13.81
-13.82
-13.83
-13.84
-13.83
-13.84
-13.86
-13.87
-13.88
-13.88
-13.89
-13.90
-13.90
-13.88
-13.88
-13.87
-13.87
-13.86
-13.86
-13.85
-13.84
-13.83
-13.81
-13.80
-13.78
-13.77
-13.75
-13.75
-13.75
-13.72
-13.73
-13.71
-13.72
-13.70
-13.72
-13.72
-13.73
-13.74
-13.75
-13.75
-13.76
-13.76
-13.76
-13.76
-13.75
-13.75
-13.75
-13.75
-13.73
-13.75
-13.74
-13.75
-13.77
-13.77
-13.78
-13.79
-13.81
-13.82
-13.83
-13.84
-13.85
-13.87
-13.87
-13.88
-13.88
-13.87
-13.86
-13.85
-13.84
-13.83
-13.82
-13.82
-13.80
-13.80
-13.78
-13.77
-13.74
-13.73
-13.72
-13.71
-13.69
-13.71
-13.71
-13.73
-13.75
-13.76
-13.80
-13.83
-13.87
-13.90
-13.93
-13.95
-13.98
-14.00
-14.02
-14.02
-14.02
-14.02
-14.02
-14.01
-14.01
-14.00
-13.99
-13.97
-13.95
-13.93
-13.92
-13.89
-13.85
-13.83
-13.82
-13.80
-13.79
-13.79
-13.80
-13.81
-13.81
-13.83
-13.85
-13.86
-13.88
-13.91
-13.95
-13.99
-14.01
-14.04
-14.07
-14.09
-14.11
-14.14
-14.15
-14.16
-14.16
-14.17
-14.16
-14.15
-14.13
-14.10
-14.09
-14.04
-14.02
-13.99
-13.96
-13.94
-13.92
-13.90
-13.88
-13.87
-13.88
-13.88
-13.89
-13.89
-13.91
-13.93
-13.95
-13.97
-14.00
-14.04
-14.07
-14.11
-14.14
-14.15
-14.17
-14.18
-14.19
-14.19
-14.18
-14.16
-14.14
-14.11
-14.10
-14.07
-14.05
-14.04
-14.05
-14.05
-14.05
-14.05
-14.04
-14.03
-14.02
-14.02
-14.01
-14.02
-14.04
-14.04
-14.05
-14.06
-14.08
-14.10
-14.10
-14.11
-14.13
-14.13
-14.13
-14.12
-14.10
-14.09
-14.08
-14.07
-14.07
-14.05
-14.04
-14.03
-14.01
-14.01
-14.00
-14.00
-13.99
-13.99
-13.98
-13.99
-13.98
-13.98
-14.01
-14.03
-14.05
-14.07
-14.10
-14.11
-14.11
-14.13
-14.12
-14.13
-14.13
-14.13
-14.14
-14.13
-14.14
-14.13
-14.13
-14.14
-14.13
-14.12
-14.13
-14.11
-14.11
-14.11
-14.10
-14.11
-14.11
-14.11
-14.12
-14.12
-14.12
-14.13
-14.13
-14.14
-14.15
-14.16
-14.17
-14.18
-14.18
-14.20
-14.19
-14.20
-14.19
-14.20
-14.20
-14.20
-14.19
-14.19
-14.18
-14.18
-14.17
-14.15
-14.15
-14.15
-14.16
-14.17
-14.17
-14.17
-14.19
-14.19
-14.18
-14.18
-14.20
-14.19
-14.20
-14.20
-14.20
-14.19
-14.19
-14.17
-14.16
-14.15
-14.13
-14.11
-14.09
-14.08
-14.06
-14.04
-14.03
-14.01
-13.98
-13.97
-13.97
-13.96
-13.96
-13.99
-14.00
-14.01
-14.04
-14.04
-14.05
-14.09
-14.10
-14.12
-14.14
-14.13
-14.15
-14.14
-14.15
-14.14
-14.15
-14.16
-14.16
-14.15
-14.15
-14.15
-14.13
-14.14
-14.13
-14.13
-14.12
-14.10
-14.07
-14.06
-14.04
-14.02
-14.00
-13.99
-13.97
-13.95
-13.93
-13.91
-13.90
-13.89
-13.89
-13.89
-13.89
-13.90
-13.90
-13.93
-13.93
-13.94
-13.97
-13.98
-13.99
-14.00
-14.01
-14.02
-14.04
-14.04
-14.04
-14.03
-14.01
-14.00
-13.97
-13.95
-13.94
-13.91
-13.91
-13.88
-13.86
-13.85
-13.83
-13.81
-13.80
-13.78
-13.77
-13.77
-13.78
-13.79
-13.81
-13.82
-13.84
-13.87
-13.88
-13.91
-13.92
-13.94
-13.95
-13.97
-14.00
-14.02
-14.04
-14.06
-14.06
-14.08
-14.09
-14.09
-14.09
-14.10
-14.09
-14.09
-14.09
-14.07
-14.06
-14.05
-14.04
-14.01
-14.00
-13.98
-13.96
-13.95
-13.93
-13.92
-13.92
-13.91
-13.91
-13.92
-13.93
-13.93
-13.95
-13.96
-13.97
-13.98
-14.01
-14.04
-14.07
-14.08
-14.11
-14.12
-14.12
-14.13
-14.13
-14.12
-14.13
-14.12
-14.11
-14.12
-14.12
-14.12
-14.13
-14.12
-14.12
-14.11
-14.10
-14.09
-14.08
-14.06
-14.05
-14.02
-14.00
-14.00
-13.99
-13.99
-13.99
-14.00
-14.01
-14.03
-14.06
-14.08
-14.10
-14.11
-14.14
-14.15
-14.17
-14.19
-14.19
-14.19
-14.19
-14.19
-14.18
-14.16
-14.15
-14.13
-14.11
-14.09
-14.07
-14.05
-14.05
-14.02
-14.01
-14.00
-13.98
-13.98
-13.99
-13.97
-13.98
-13.99
-13.99
-14.01
-14.03
-14.05
-14.07
-14.09
-14.09
-14.11
-14.12
-14.13
-14.14
-14.15
-14.16
-14.18
-14.16
-14.16
-14.15
-14.14
-14.11
-14.10
-14.08
-14.04
-14.01
-14.00
-13.98
-13.97
-13.96
-13.96
-13.97
-13.97
-13.96
-13.98
-13.98
-13.99
-14.00
-14.01
-14.02
-14.04
-14.05
-14.07
-14.09
-14.10
-14.11
-14.12
-14.13
-14.13
-14.13
-14.12
-14.12
-14.10
-14.09
-14.07
-14.04
-14.03
-14.01
-14.01
-13.99
-13.96
-13.96
-13.94
-13.92
-13.92
-13.91
-13.90
-13.89
-13.88
-13.90
-13.89
-13.89
-13.90
-13.90
-13.91
-13.93
-13.95
-13.96
-13.97
-13.99
-13.98
-14.01
-14.02
-14.03
-14.05
-14.05
-14.06
-14.08
-14.07
-14.07
-14.07
-14.06
-14.05
-14.06
-14.02
-14.00
-13.99
-13.97
-13.94
-13.93
-13.91
-13.90
-13.89
-13.87
-13.86
-13.84
-13.83
-13.83
-13.84
-13.86
-13.87
-13.88
-13.90
-13.91
-13.93
-13.94
-13.95
-13.96
-13.96
-13.96
-13.95
-13.95
-13.94
-13.94
-13.93
-13.93
-13.91
-13.90
-13.90
-13.90
-13.90
-13.88
-13.87
-13.87
-13.87
-13.85
-13.84
-13.84
-13.83
-13.82
-13.82
-13.82
-13.83
-13.83
-13.83
-13.83
-13.85
-13.85
-13.85
-13.86
-13.86
-13.86
-13.87
-13.86
-13.86
-13.86
-13.86
-13.85
-13.85
-13.85
-13.84
-13.84
-13.85
-13.86
-13.86
-13.87
-13.88
-13.89
-13.90
-13.91
-13.92
-13.93
-13.95
-13.97
-13.96
-13.97
-13.97
-13.97
-13.97
-13.97
-13.97
-13.98
-13.97
-13.97
-13.99
-13.99
-14.00
-14.00
-14.00
-14.00
-14.00
-14.01
-13.99
-13.99
-14.00
-13.99
-13.99
-13.99
-13.98
-13.99
-13.99
-13.97
-13.98
-13.98
-13.97
-13.97
-13.97
-13.96
-13.96
-13.96
-13.96
-13.95
-13.95
-13.94
-13.93
-13.93
-13.92
-13.92
-13.92
-13.90
-13.91
-13.91
-13.91
-13.91
-13.91
-13.91
-13.91
-13.92
-13.92
-13.93
-13.94
-13.96
-13.98
-13.98
-13.98
-13.97
-13.98
-14.00
-14.00
-13.99
-13.99
-13.96
-13.96
-13.95
-13.94
-13.92
-13.91
-13.90
-13.89
-13.88
-13.88
-13.88
-13.88
-13.90
-13.92
-13.93
-13.94
-13.96
-13.99
-14.01
-14.03
-14.06
-14.10
-14.13
-14.15
-14.17
-14.17
-14.18
-14.18
-14.18
-14.18
-14.18
-14.16
-14.15
-14.13
-14.10
-14.09
-14.06
-14.05
-14.03
-14.00
-13.99
-13.98
-13.98
-13.97
-13.96
-13.98
-13.98
-14.00
-14.02
-14.04
-14.06
-14.07
-14.07
-14.08
-14.11
-14.11
-14.12
-14.13
-14.13
-14.12
-14.13
-14.13
-14.11
-14.10
-14.09
-14.07
-14.05
-14.04
-14.01
-14.00
-13.98
-13.96
-13.95
-13.94
-13.93
-13.93
-13.92
-13.93
-13.94
-13.96
-13.98
-14.00
-14.01
-14.02
-14.05
-14.07
-14.09
-14.12
-14.13
-14.14
-14.15
-14.16
-14.16
-14.16
-14.17
-14.16
-14.15
-14.14
-14.12
-14.11
-14.08
-14.07
-14.05
-14.02
-13.99
-13.96
-13.95
-13.93
-13.90
-13.89
-13.88
-13.87
-13.86
-13.86
-13.85
-13.85
-13.86
-13.86
-13.88
-13.90
-13.92
-13.95
-13.95
-13.96
-13.96
-13.97
-13.98
-13.97
-13.97
-13.97
-13.98
-13.97
-13.95
-13.95
-13.93
-13.91
-13.89
-13.86
-13.83
-13.80
-13.77
-13.75
-13.71
-13.68
-13.66
-13.63
-13.60
-13.59
-13.60
-13.60
-13.63
-13.64
-13.67
-13.67
-13.71
-13.74
-13.78
-13.80
-13.83
-13.84
-13.86
-13.88
-13.90
-13.93
-13.95
-13.97
-14.00
-14.01
-14.02
-14.04
-14.04
-14.07
-14.07
-14.08
-14.08
-14.08
-14.06
-14.05
-14.02
-14.00
-13.97
-13.96
-13.95
-13.96
-13.95
-13.95
-13.95
-13.95
-13.95
-13.96
-13.96
-13.96
-13.98
-14.00
-14.01
-14.02
-14.05
-14.08
-14.11
-14.15
-14.18
-14.24
-14.28
-14.30
-14.33
-14.35
-14.36
-14.37
-14.36
-14.34
-14.32
-14.29
-14.25
-14.23
-14.20
-14.16
-14.16
-14.14
-14.13
-14.12
-14.12
-14.11
-14.10
-14.11
-14.11
-14.10
-14.09
-14.09
-14.08
-14.09
-14.08
-14.09
-14.09
-14.07
-14.08
-14.08
-14.07
-14.07
-14.06
-14.06
-14.05
-14.05
-14.03
-14.03
-14.01
-14.01
-14.01
-14.01
-14.01
-14.02
-14.02
-14.04
-14.05
-14.06
-14.06
-14.07
-14.08
-14.09
-14.09
-14.08
-14.07
-14.05
-14.05
-14.03
-14.01
-14.00
-13.97
-13.95
-13.93
-13.91
-13.89
-13.88
-13.88
-13.89
-13.89
-13.89
-13.89
-13.89
-13.91
-13.92
-13.93
-13.93
-13.93
-13.92
-13.94
-13.93
-13.94
-13.94
-13.95
-13.97
-13.99
-14.01
-14.00
-14.02
-14.03
-14.05
-14.07
-14.08
-14.10
-14.11
-14.11
-14.11
-14.09
-14.07
-14.05
-14.03
-14.01
-14.00
-13.98
-13.97
-13.95
-13.95
-13.94
-13.93
-13.94
-13.95
-13.95
-13.94
-13.94
-13.94
-13.95
-13.96
-13.97
-13.98
-14.00
-14.02
-14.05
-14.06
-14.08
-14.08
-14.08
-14.07
-14.08
-14.08
-14.08
-14.07
-14.06
-14.05
-14.04
-14.02
-14.01
-14.00
-14.00
-13.99
-13.99
-14.01
-14.02
-14.04
-14.06
-14.07
-14.09
-14.10
-14.11
-14.12
-14.14
-14.15
-14.17
-14.15
-14.15
-14.14
-14.12
-14.10
-14.08
-14.06
-14.03
-14.01
-13.99
-13.96
-13.95
-13.94
-13.94
-13.93
-13.92
-13.93
-13.93
-13.92
-13.92
-13.94
-13.93
-13.93
-13.95
-13.97
-13.99
-14.01
-14.03
-14.05
-14.06
-14.07
-14.08
-14.09
-14.11
-14.11
-14.12
-14.11
-14.09
-14.07
-14.04
-14.00
-13.98
-13.94
-13.91
-13.88
-13.85
-13.84
-13.82
-13.79
-13.76
-13.73
-13.72
-13.71
-13.69
-13.71
-13.70
-13.72
-13.72
-13.73
-13.76
-13.77
-13.80
-13.81
-13.83
-13.86
-13.89
-13.90
-13.92
-13.93
-13.93
-13.93
-13.94
-13.93
-13.92
-13.91
-13.91
-13.89
-13.89
-13.89
-13.90
-13.89
-13.90
-13.91
-13.92
-13.93
-13.96
-13.97
-13.99
-14.00
-14.02
-14.02
-14.03
-14.04
-14.04
-14.05
-14.06
-14.07
-14.07
-14.07
-14.07
-14.05
-14.04
-14.04
-14.02
-14.01
-14.01
-14.00
-13.99
-13.99
-13.98
-13.98
-13.99
-13.99
-13.99
-13.99
-14.00
-14.01
-14.02
-14.02
-14.04
-14.06
-14.06
-14.09
-14.09
-14.11
-14.12
-14.13
-14.14
-14.15
-14.15
-14.15
-14.14
-14.14
-14.13
-14.12
-14.11
-14.10
-14.09
-14.08
-14.06
-14.05
-14.03
-14.01
-13.99
-13.98
-13.96
-13.95
-13.95
-13.96
-13.97
-13.99
-14.01
-14.02
-14.03
-14.05
-14.07
-14.10
-14.12
-14.12
-14.14
-14.15
-14.15
-14.15
-14.16
-14.17
-14.16
-14.16
-14.15
-14.14
-14.13
-14.12
-14.11
-14.10
-14.09
-14.08
-14.07
-14.06
-14.04
-14.02
-14.01
-13.99
-13.97
-13.95
-13.95
-13.95
-13.94
-13.96
-13.96
-13.97
-13.98
-13.99
-13.99
-14.00
-14.02
-14.02
-14.02
-14.02
-14.02
-14.02
-14.02
-14.01
-13.99
-13.97
-13.96
-13.95
-13.94
-13.94
-13.91
-13.90
-13.88
-13.87
-13.85
-13.84
-13.84
-13.83
-13.83
-13.83
-13.83
-13.84
-13.84
-13.86
-13.87
-13.89
-13.92
-13.96
-14.00
-14.02
-14.05
-14.06
-14.07
-14.09
-14.11
-14.11
-14.13
-14.13
-14.13
-14.12
-14.11
-14.10
-14.09
-14.07
-14.05
-14.02
-14.00
-13.97
-13.95
-13.93
-13.93
-13.94
-13.94
-13.94
-13.96
-13.95
-13.97
-13.98
-14.00
-14.01
-14.02
-14.02
-14.03
-14.04
-14.04
-14.03
-14.04
-14.03
-14.02
-14.02
-14.00
-13.99
-13.98
-13.97
-13.97
-13.95
-13.94
-13.93
-13.92
-13.90
-13.89
-13.89
-13.87
-13.87
-13.86
-13.85
-13.84
-13.84
-13.84
-13.84
-13.85
-13.85
-13.85
-13.86
-13.86
-13.87
-13.86
-13.86
-13.88
-13.87
-13.87
-13.86
-13.87
-13.87
-13.87
-13.88
-13.89
-13.90
-13.89
-13.89
-13.90
-13.91
-13.91
-13.91
-13.91
-13.91
-13.91
-13.93
-13.93
-13.94
-13.93
-13.92
-13.91
-13.90
-13.88
-13.88
-13.87
-13.86
-13.84
-13.83
-13.82
-13.83
-13.82
-13.83
-13.83
-13.84
-13.85
-13.84
-13.84
-13.85
-13.86
-13.87
-13.89
-13.90
-13.89
-13.89
-13.88
-13.90
-13.88
-13.89
-13.89
-13.90
-13.90
-13.89
-13.89
-13.88
-13.89
-13.89
-13.88
-13.89
-13.89
-13.89
-13.91
-13.92
-13.94
-13.94
-13.97
-13.99
-14.01
-14.03
-14.04
-14.04
-14.04
-14.04
-14.03
-14.01
-14.01
-14.00
-13.98
-13.98
-13.97
-13.96
-13.95
-13.95
-13.95
-13.94
-13.94
-13.95
-13.95
-13.96
-13.95
-13.96
-13.97
-13.98
-13.98
-14.01
-14.02
-14.04
-14.05
-14.04
-14.05
-14.06
-14.06
-14.06
-14.06
-14.06
-14.06
-14.06
-14.04
-14.02
-14.02
-14.01
-14.02
-14.02
-14.02
-14.02
-14.03
-14.05
-14.05
-14.05
-14.06
-14.05
-14.05
-14.05
-14.05
-14.04
-14.04
-14.04
-14.03
-14.04
-14.05
-14.04
-14.05
-14.05
-14.04
-14.05
-14.05
-14.06
-14.07
-14.09
-14.09
-14.10
-14.11
-14.12
-14.13
-14.13
-14.14
-14.12
-14.11
-14.11
-14.11
-14.10
-14.11
-14.09
-14.09
-14.09
-14.08
-14.09
-14.09
-14.09
-14.08
-14.07
-14.07
-14.05
-14.06
-14.06
-14.06
-14.06
-14.05
-14.06
-14.05
-14.05
-14.05
-14.05
-14.04
-14.04
-14.03
-14.05
-14.03
-14.04
-14.02
-14.01
-14.00
-13.99
-13.99
-13.98
-13.98
-13.98
-13.99
-13.99
-14.00
-14.00
-14.00
-14.00
-14.00
-13.98
-13.97
-13.97
-13.97
-13.97
-13.97
-13.97
-14.00
-14.00
-14.02
-14.03
-14.05
-14.07
-14.07
-14.07
-14.06
-14.06
-14.05
-14.03
-14.00
-13.99
-13.98
-13.95
-13.95
-13.93
-13.92
-13.92
-13.92
-13.92
-13.92
-13.92
-13.94
-13.96
-13.98
-13.99
-14.02
-14.06
-14.06
-14.08
-14.09
-14.10
-14.09
-14.10
-14.10
-14.09
-14.07
-14.06
-14.06
-14.04
-14.03
-14.03
-14.01
-13.99
-13.98
-13.97
-13.97
-13.96
-13.97
-13.97
-13.98
-13.99
-14.01
-14.02
-14.02
-14.03
-14.04
-14.05
-14.05
-14.06
-14.05
-14.05
-14.04
-14.05
-14.04
-14.03
-14.02
-14.01
-13.99
-13.99
-13.98
-13.96
-13.95
-13.94
-13.92
-13.91
-13.90
-13.89
-13.89
-13.87
-13.87
-13.86
-13.87
-13.87
-13.86
-13.87
-13.88
-13.89
-13.90
-13.91
-13.92
-13.91
-13.92
-13.92
-13.92
-13.92
-13.92
-13.93
-13.93
-13.94
-13.96
-13.97
-13.97
-13.99
-13.99
-13.99
-13.97
-13.97
-13.96
-13.95
-13.94
-13.92
-13.91
-13.89
-13.88
-13.89
-13.88
-13.86
-13.86
-13.86
-13.85
-13.85
-13.86
-13.87
-13.87
-13.88
-13.89
-13.90
-13.91
-13.92
-13.93
-13.94
-13.95
-13.96
-13.96
-13.96
-13.95
-13.95
-13.94
-13.92
-13.90
-13.89
-13.88
-13.88
-13.88
-13.87
-13.86
-13.86
-13.86
-13.87
-13.87
-13.87
-13.88
-13.89
-13.89
-13.90
-13.91
-13.92
-13.93
-13.95
-13.96
-13.97
-13.98
-14.02
-14.02
-14.04
-14.05
-14.06
-14.07
-14.08
-14.06
-14.06
-14.06
-14.04
-14.03
-14.01
-13.99
-13.98
-13.97
-13.96
-13.95
-13.94
-13.93
-13.92
-13.93
-13.94
-13.94
-13.95
-13.96
-13.98
-13.99
-14.01
-14.03
-14.06
-14.09
-14.10
-14.12
-14.13
-14.14
-14.15
-14.14
-14.14
-14.13
-14.13
-14.11
-14.09
-14.07
-14.05
-14.01
-13.98
-13.94
-13.92
-13.89
-13.85
-13.83
-13.82
-13.80
-13.80
-13.82
-13.82
-13.83
-13.85
-13.87
-13.89
-13.90
-13.91
-13.94
-13.95
-13.97
-14.00
-14.01
-14.01
-14.02
-14.03
-14.04
-14.05
-14.04
-14.03
-14.03
-14.01
-14.01
-14.00
-13.98
-13.97
-13.95
-13.92
-13.89
-13.87
-13.84
-13.83
-13.81
-13.81
-13.80
-13.79
-13.79
-13.79
-13.80
-13.80
-13.82
-13.84
-13.85
-13.87
-13.89
-13.90
-13.93
-13.95
-13.98
-14.02
-14.05
-14.06
-14.07
-14.07
-14.07
-14.06
-14.06
-14.05
-14.02
-13.99
-13.97
-13.95
-13.92
-13.91
-13.90
-13.90
-13.88
-13.87
-13.86
-13.86
-13.86
-13.88
-13.89
-13.91
-13.91
-13.93
-13.96
-13.97
-13.99
-14.00
-14.02
-14.02
-14.04
-14.03
-14.04
-14.03
-14.04
-14.04
-14.03
-14.04
-14.04
-14.03
-14.02
-14.02
-14.01
-14.01
-14.01
-13.99
-13.96
-13.97
-13.96
-13.94
-13.93
-13.92
-13.92
-13.91
-13.92
-13.91
-13.90
-13.89
-13.89
-13.89
-13.89
-13.91
-13.92
-13.94
-13.95
-13.96
-13.98
-14.00
-14.02
-14.04
-14.05
-14.06
-14.06
-14.05
-14.06
-14.04
-14.04
-14.01
-13.99
-13.96
-13.94
-13.91
-13.90
-13.87
-13.87
-13.86
-13.84
-13.84
-13.84
-13.84
-13.84
-13.86
-13.87
-13.89
-13.90
-13.93
-13.95
-13.97
-13.98
-13.99
-13.99
-14.01
-14.01
-14.02
-14.03
-14.03
-14.03
-14.03
-14.02
-14.01
-14.00
-13.99
-13.99
-13.99
-13.98
-13.95
-13.93
-13.92
-13.91
-13.90
-13.89
-13.88
-13.88
-13.90
-13.92
-13.93
-13.93
-13.93
-13.94
-13.96
-13.97
-13.99
-14.00
-14.01
-14.01
-14.00
-14.01
-14.02
-14.02
-14.02
-14.02
-14.02
-14.01
-14.03
-14.03
-14.03
-14.04
-14.05
-14.04
-14.03
-14.03
-14.04
-14.02
-14.03
-14.03
-14.02
-14.00
-14.01
-14.01
-13.99
-13.98
-13.97
-13.97
-13.97
-13.96
-13.97
-13.97
-13.97
-13.97
-13.99
-14.00
-14.01
-14.03
-14.03
-14.04
-14.05
-14.05
-14.06
-14.07
-14.08
-14.09
-14.10
-14.10
-14.10
-14.11
-14.10
-14.10
-14.09
-14.08
-14.07
-14.05
-14.03
-14.01
-14.01
-14.00
-14.00
-13.99
-13.98
-13.98
-13.98
-13.97
-13.97
-13.97
-13.98
-13.97
-13.97
-13.98
-13.98
-13.99
-13.99
-14.01
-14.02
-14.03
-14.05
-14.06
-14.07
-14.07
-14.07
-14.08
-14.08
-14.06
-14.05
-14.02
-14.01
-14.00
-13.98
-13.96
-13.95
-13.94
-13.94
-13.92
-13.92
-13.92
-13.92
-13.92
-13.90
-13.90
-13.89
-13.88
-13.87
-13.86
-13.83
-13.84
-13.84
-13.84
-13.83
-13.83
-13.83
-13.83
-13.84
-13.86
-13.86
-13.88
-13.88
-13.90
-13.90
-13.90
-13.90
-13.91
-13.91
-13.90
-13.90
-13.90
-13.91
-13.90
-13.89
-13.88
-13.86
-13.84
-13.83
-13.82
-13.81
-13.79
-13.77
-13.76
-13.73
-13.72
-13.72
-13.72
-13.75
-13.75
-13.77
-13.80
-13.81
-13.85
-13.87
-13.93
-13.96
-14.00
-14.03
-14.07
-14.08
-14.11
-14.13
-14.15
-14.16
-14.16
-14.19
-14.20
-14.19
-14.20
-14.20
-14.19
-14.18
-14.18
-14.18
-14.15
-14.14
-14.13
-14.12
-14.09
-14.07
-14.06
-14.05
-14.04
-14.04
-14.03
-14.03
-14.02
-14.03
-14.02
-14.02
-14.02
-14.02
-14.01
-14.02
-14.00
-14.01
-13.99
-13.98
-13.98
-13.96
-13.95
-13.94
-13.92
-13.91
-13.90
-13.88
-13.87
-13.87
-13.86
-13.86
-13.86
-13.85
-13.85
-13.85
-13.84
-13.84
-13.84
-13.85
-13.85
-13.89
-13.89
-13.90
-13.90
-13.93
-13.95
-13.94
-13.96
-13.95
-13.95
-13.94
-13.93
-13.90
-13.89
-13.87
-13.86
-13.83
-13.81
-13.79
-13.77
-13.76
-13.75
-13.74
-13.74
-13.74
-13.73
-13.74
-13.74
-13.76
-13.78
-13.79
-13.79
-13.81
-13.83
-13.85
-13.87
-13.88
-13.89
-13.90
-13.91
-13.92
-13.90
-13.91
-13.92
-13.91
-13.93
-13.94
-13.94
-13.95
-13.96
-13.96
-13.96
-13.97
-13.97
-13.98
-13.97
-13.98
-13.98
-13.97
-13.97
-13.97
-13.98
-13.98
-13.97
-13.95
-13.94
-13.93
-13.93
-13.92
-13.91
-13.89
-13.90
-13.90
-13.90
-13.92
-13.94
-13.95
-13.95
-13.96
-13.97
-13.98
-13.98
-13.99
-13.99
-14.01
-14.02
-14.03
-14.03
-14.04
-14.03
-14.02
-14.01
-14.00
-13.99
-13.99
-13.97
-13.95
-13.94
-13.92
-13.93
-13.93
-13.94
-13.95
-13.96
-13.96
-13.96
-13.97
-13.98
-13.99
-14.01
-14.03
-14.05
-14.05
-14.08
-14.08
-14.09
-14.11
-14.12
-14.11
-14.11
-14.10
-14.08
-14.08
-14.06
-14.03
-14.01
-13.97
-13.95
-13.93
-13.90
-13.88
-13.86
-13.84
-13.82
-13.81
-13.82
-13.83
-13.85
-13.87
-13.89
-13.91
-13.94
-13.97
-13.99
-14.05
-14.08
-14.10
-14.14
-14.16
-14.18
-14.21
-14.22
-14.24
-14.24
-14.23
-14.22
-14.20
-14.17
-14.14
-14.10
-14.06
-14.04
-14.02
-14.00
-14.00
-14.00
-14.00
-14.00
-14.00
-14.01
-14.02
-14.03
-14.04
-14.06
-14.07
-14.07
-14.08
-14.09
-14.09
-14.09
-14.10
-14.11
-14.10
-14.11
-14.10
-14.09
-14.10
-14.11
-14.11
-14.11
-14.11
-14.11
-14.13
-14.13
-14.13
-14.13
-14.13
-14.13
-14.12
-14.11
-14.11
-14.11
-14.10
-14.08
-14.07
-14.07
-14.05
-14.05
-14.05
-14.06
-14.06
-14.07
-14.09
-14.09
-14.10
-14.09
-14.09
-14.09
-14.09
-14.10
-14.09
-14.09
-14.08
-14.08
-14.06
-14.06
-14.06
-14.07
-14.07
-14.07
-14.07
-14.06
-14.07
-14.08
-14.08
-14.09
-14.07
-14.07
-14.07
-14.07
-14.07
-14.06
-14.07
-14.07
-14.06
-14.05
-14.06
-14.07
-14.06
-14.07
-14.09
-14.11
-14.12
-14.13
-14.13
-14.13
-14.13
-14.12
-14.12
-14.12
-14.11
-14.11
-14.09
-14.09
-14.07
-14.06
-14.05
-14.04
-14.04
-14.02
-14.02
-14.01
-14.01
-14.00
-14.00
-13.99
-14.01
-14.02
-14.03
-14.02
-14.04
-14.04
-14.07
-14.10
-14.10
-14.12
-14.13
-14.13
-14.13
-14.13
-14.13
-14.13
-14.12
-14.12
-14.10
-14.09
-14.06
-14.05
-14.04
-14.01
-13.98
-13.96
-13.94
-13.93
-13.93
-13.93
-13.92
-13.91
-13.90
-13.89
-13.89
-13.89
-13.91
-13.92
-13.93
-13.93
-13.95
-13.97
-13.97
-13.98
-13.99
-14.01
-14.02
-14.02
-14.03
-14.05
-14.06
-14.07
-14.07
-14.09
-14.10
-14.12
-14.13
-14.12
-14.10
-14.09
-14.08
-14.07
-14.06
-14.04
-14.02
-13.99
-13.97
-13.94
-13.91
-13.88
-13.85
-13.84
-13.83
-13.82
-13.84
-13.84
-13.87
-13.89
-13.90
-13.92
-13.93
-13.96
-13.98
-13.99
-14.00
-14.01
-14.01
-14.00
-14.00
-13.99
-13.99
-13.96
-13.96
-13.93
-13.91
-13.90
-13.88
-13.87
-13.85
-13.84
-13.83
-13.82
-13.81
-13.79
-13.78
-13.77
-13.78
-13.79
-13.80
-13.81
-13.81
-13.85
-13.84
-13.86
-13.87
-13.90
-13.92
-13.94
-13.95
-13.97
-13.98
-14.00
-14.01
-14.01
-14.03
-14.04
-14.02
-14.02
-14.01
-14.01
-14.01
-14.01
-13.99
-13.98
-13.97
-13.94
-13.92
-13.91
-13.89
-13.88
-13.85
-13.84
-13.82
-13.81
-13.79
-13.78
-13.78
-13.77
-13.77
-13.78
-13.79
-13.81
-13.83
-13.84
-13.85
-13.86
-13.88
-13.89
-13.91
-13.93
-13.93
-13.94
-13.94
-13.95
-13.95
-13.95
-13.94
-13.91
-13.90
-13.89
-13.87
-13.85
-13.84
-13.82
-13.81
-13.80
-13.79
-13.79
-13.79
-13.81
-13.83
-13.87
-13.89
-13.95
-13.99
-14.05
-14.10
-14.16
-14.22
-14.28
-14.32
-14.35
-14.38
-14.39
-14.40
-14.38
-14.37
-14.35
-14.33
-14.31
-14.30
-14.28
-14.25
-14.22
-14.19
-14.15
-14.11
-14.08
-14.05
-14.03
-14.00
-13.96
-13.92
-13.92
-13.91
-13.89
-13.89
-13.89
-13.90
-13.92
-13.95
-13.99
-14.04
-14.07
-14.12
-14.18
-14.21
-14.25
-14.28
-14.31
-14.33
-14.36
-14.37
-14.38
-14.38
-14.38
-14.36
-14.34
-14.31
-14.26
-14.20
-14.16
-14.11
-14.07
-14.03
-14.00
-13.97
-13.96
-13.93
-13.91
-13.90
-13.89
-13.88
-13.89
-13.89
-13.90
-13.90
-13.92
-13.93
-13.95
-13.96
-13.97
-13.98
-13.98
-13.99
-14.00
-14.03
-14.07
-14.12
-14.15
-14.20
-14.23
-14.25
-14.27
-14.28
-14.28
-14.29
-14.26
-14.24
-14.22
-14.18
-14.15
-14.11
-14.08
-14.05
-14.01
-13.98
-13.95
-13.94
-13.91
-13.88
-13.87
-13.85
-13.84
-13.83
-13.83
-13.84
-13.85
-13.88
-13.91
-13.94
-13.97
-14.00
-14.03
-14.05
-14.07
-14.09
-14.10
-14.12
-14.14
-14.16
-14.19
-14.21
-14.23
-14.23
-14.23
-14.22
-14.22
-14.20
-14.19
-14.18
-14.15
-14.13
-14.09
-14.05
-14.02
-13.99
-13.97
-13.95
-13.92
-13.92
-13.92
-13.92
-13.93
-13.95
-13.96
-13.98
-14.00
-14.01
-14.03
-14.03
-14.04
-14.05
-14.05
-14.04
-14.03
-14.03
-14.01
-13.99
-13.97
-13.93
-13.92
-13.90
-13.89
-13.87
-13.86
-13.87
-13.86
-13.86
-13.87
-13.88
-13.90
-13.91
-13.91
-13.95
-13.95
-13.97
-13.98
-13.99
-13.99
-14.00
-13.99
-13.98
-13.96
-13.96
-13.95
-13.94
-13.94
-13.91
-13.90
-13.87
-13.86
-13.85
-13.83
-13.80
-13.81
-13.80
-13.79
-13.79
-13.79
-13.79
-13.79
-13.79
-13.79
-13.81
-13.82
-13.83
-13.87
-13.89
-13.91
-13.92
-13.94
-13.97
-14.00
-14.02
-14.05
-14.08
-14.09
-14.10
-14.08
-14.07
-14.05
-14.04
-14.01
-14.00
-13.97
-13.95
-13.92
-13.90
-13.89
-13.86
-13.85
-13.83
-13.82
-13.80
-13.79
-13.78
-13.77
-13.77
-13.78
-13.80
-13.84
-13.86
-13.88
-13.91
-13.93
-13.95
-13.98
-13.99
-14.03
-14.05
-14.08
-14.09
-14.11
-14.12
-14.13
-14.15
-14.16
-14.17
-14.19
-14.18
-14.16
-14.16
-14.15
-14.14
-14.13
-14.11
-14.08
-14.07
-14.05
-14.03
-14.03
-14.02
-14.01
-14.00
-14.00
-13.99
-13.99
-14.00
-14.00
-13.98
-13.99
-14.01
-14.02
-14.05
-14.08
-14.10
-14.14
-14.17
-14.19
-14.22
-14.24
-14.25
-14.24
-14.24
-14.23
-14.21
-14.20
-14.18
-14.14
-14.12
-14.10
-14.09
-14.07
-14.06
-14.06
-14.05
-14.04
-14.04
-14.04
-14.04
-14.04
-14.04
-14.05
-14.06
-14.07
-14.07
-14.08
-14.08
-14.08
-14.07
-14.08
-14.07
-14.06
-14.06
-14.06
-14.05
-14.05
-14.05
-14.05
-14.05
-14.05
-14.04
-14.03
-14.04
-14.04
-14.04
-14.06
-14.07
-14.07
-14.09
-14.09
-14.11
-14.11
-14.11
-14.10
-14.10
-14.09
-14.06
-14.06
-14.05
-14.03
-14.01
-14.00
-13.98
-13.97
-13.96
-13.96
-13.96
-13.96
-13.97
-13.97
-13.98
-13.98
-13.98
-13.98
-13.98
-14.00
-13.99
-14.00
-13.99
-13.99
-13.99
-13.98
-13.97
-13.97
-13.98
-13.98
-13.97
-13.96
-13.96
-13.92
-13.91
-13.89
-13.87
-13.87
-13.86
-13.86
-13.85
-13.84
-13.84
-13.85
-13.86
-13.87
-13.87
-13.88
-13.88
-13.88
-13.87
-13.86
-13.86
-13.86
-13.86
-13.84
-13.85
-13.84
-13.83
-13.82
-13.80
-13.79
-13.78
-13.77
-13.77
-13.76
-13.75
-13.74
-13.73
-13.75
-13.75
-13.76
-13.77
-13.78
-13.78
-13.80
-13.82
-13.83
-13.86
-13.88
-13.90
-13.93
-13.96
-13.98
-13.98
-14.00
-14.00
-13.99
-13.98
-13.97
-13.95
-13.94
-13.93
-13.90
-13.88
-13.86
-13.83
-13.82
-13.82
-13.80
-13.80
-13.80
-13.79
-13.79
-13.79
-13.77
-13.79
-13.79
-13.79
-13.79
-13.79
-13.79
-13.79
-13.79
-13.80
-13.80
-13.80
-13.80
-13.81
-13.81
-13.82
-13.84
-13.85
-13.86
-13.87
-13.89
-13.90
-13.91
-13.91
-13.91
-13.90
-13.89
-13.88
-13.87
-13.85
-13.82
-13.80
-13.79
-13.78
-13.77
-13.76
-13.77
-13.76
-13.75
-13.75
-13.75
-13.74
-13.74
-13.75
-13.76
-13.76
-13.77
-13.78
-13.79
-13.81
-13.82
-13.84
-13.84
-13.85
-13.86
-13.87
-13.88
-13.88
-13.87
-13.87
-13.88
-13.90
-13.92
-13.95
-13.97
-13.99
-13.98
-13.98
-13.96
-13.94
-13.91
-13.88
-13.86
-13.82
-13.79
-13.76
-13.74
-13.71
-13.70
-13.68
-13.68
-13.67
-13.68
-13.69
-13.72
-13.73
-13.76
-13.81
-13.84
-13.87
-13.90
-13.93
-13.95
-13.98
-13.99
-14.01
-14.02
-14.04
-14.03
-14.03
-14.03
-14.02
-14.01
-13.99
-13.98
-13.97
-13.93
-13.92
-13.91
-13.89
-13.88
-13.86
-13.84
-13.82
-13.81
-13.80
-13.79
-13.78
-13.77
-13.77
-13.77
-13.76
-13.77
-13.77
-13.77
-13.77
-13.78
-13.80
-13.81
-13.82
-13.81
-13.81
-13.80
-13.81
-13.80
-13.80
-13.79
-13.80
-13.81
-13.82
-13.82
-13.82
-13.82
-13.82
-13.82
-13.81
-13.80
-13.80
-13.80
-13.81
-13.81
-13.83
-13.84
-13.85
-13.86
-13.88
-13.89
-13.91
-13.93
-13.95
-13.96
-13.96
-13.96
-13.98
-13.99
-14.00
-14.00
-14.00
-13.98
-13.96
-13.93
-13.90
-13.89
-13.88
-13.86
-13.85
-13.84
-13.83
-13.82
-13.80
-13.80
-13.80
-13.79
-13.77
-13.78
-13.78
-13.79
-13.79
-13.81
-13.84
-13.86
-13.89
-13.91
-13.95
-13.97
-14.01
-14.04
-14.05
-14.05
-14.05
-14.03
-14.02
-14.01
-14.00
-13.98
-13.97
-13.96
-13.96
-13.95
-13.94
-13.94
-13.93
-13.93
-13.94
-13.94
-13.95
-13.94
-13.95
-13.95
-13.95
-13.95
-13.95
-13.95
-13.95
-13.95
-13.95
-13.93
-13.93
-13.94
-13.93
-13.93
-13.92
-13.92
-13.92
-13.90
-13.89
-13.88
-13.87
-13.86
-13.85
-13.85
-13.83
-13.84
-13.83
-13.84
-13.84
-13.83
-13.83
-13.84
-13.85
-13.86
-13.86
-13.89
-13.90
-13.90
-13.92
-13.94
-13.95
-13.96
-13.97
-13.96
-13.95
-13.95
-13.95
-13.94
-13.93
-13.92
-13.89
-13.89
-13.88
-13.88
-13.88
-13.88
-13.89
-13.88
-13.87
-13.85
-13.83
-13.81
-13.81
-13.79
-13.78
-13.77
-13.76
-13.77
-13.78
-13.77
-13.76
-13.75
-13.74
-13.73
-13.72
-13.72
-13.70
-13.70
-13.69
-13.69
-13.68
-13.68
-13.67
-13.67
-13.67
-13.66
-13.66
-13.67
-13.67
-13.67
-13.67
-13.67
-13.69
-13.69
-13.70
-13.71
-13.75
-13.76
-13.76
-13.76
-13.76
-13.75
-13.73
-13.69
-13.67
-13.61
-13.58
-13.55
-13.51
-13.47
-13.45
-13.44
-13.42
-13.40
-13.38
-13.39
-13.39
-13.39
-13.39
-13.39
-13.39
-13.39
-13.41
-13.41
-13.41
-13.41
-13.41
-13.41
-13.43
-13.44
-13.45
-13.45
-13.44
-13.43
-13.42
-13.41
-13.40
-13.37
-13.35
-13.33
-13.32
-13.32
-13.31
-13.32
-13.33
-13.34
-13.34
-13.35
-13.37
-13.38
-13.38
-13.38
-13.37
-13.37
-13.37
-13.37
-13.38
-13.38
-13.39
-13.40
-13.43
-13.44
-13.47
-13.49
-13.49
-13.51
-13.51
-13.53
-13.55
-13.57
-13.59
-13.59
-13.60
-13.62
-13.63
-13.65
-13.66
-13.68
-13.71
-13.73
-13.76
-13.78
-13.80
-13.81
-13.82
-13.83
-13.83
-13.84
-13.84
-13.84
-13.87
-13.88
-13.91
-13.94
-13.94
-13.96
-13.97
-13.99
-14.00
-14.02
-14.02
-14.04
-14.04
-14.03
-14.01
-13.99
-13.98
-13.97
-13.96
-13.95
-13.92
-13.90
-13.88
-13.86
-13.85
-13.83
-13.83
-13.84
-13.84
-13.84
-13.85
-13.86
-13.85
-13.84
-13.85
-13.85
-13.86
-13.86
-13.86
-13.85
-13.85
-13.84
-13.82
-13.81
-13.80
-13.80
-13.80
-13.80
-13.79
-13.79
-13.78
-13.79
-13.77
-13.75
-13.76
-13.76
-13.76
-13.76
-13.77
-13.78
-13.79
-13.78
-13.78
-13.76
-13.74
-13.72
-13.69
-13.67
-13.64
-13.61
-13.56
-13.53
-13.50
-13.48
-13.45
-13.43
-13.40
-13.38
-13.37
-13.36
-13.36
-13.36
-13.35
-13.35
-13.34
-13.35
-13.33
-13.34
-13.35
-13.35
-13.35
-13.36
-13.35
-13.36
-13.39
-13.39
-13.39
-13.39
-13.39
-13.37
-13.36
-13.34
-13.33
-13.33
-13.31
-13.30
-13.27
-13.26
-13.24
-13.21
-13.17
-13.15
-13.12
-13.08
-13.05
-13.03
-12.99
-12.98
-12.96
-12.96
-12.97
-12.99
-13.01
-13.03
-13.08
-13.11
-13.12
-13.16
-13.17
-13.18
-13.19
-13.20
-13.21
-13.22
-13.25
-13.28
-13.31
-13.33
-13.34
-13.34
-13.33
-13.33
-13.33
-13.31
-13.30
-13.26
-13.24
-13.21
-13.19
-13.18
-13.17
-13.18
-13.19
-13.21
-13.23
-13.26
-13.29
-13.37
-13.44
-13.51
-13.59
-13.65
-13.73
-13.76
-13.82
-13.87
-13.90
-13.92
-13.95
-13.96
-13.97
-13.98
-14.00
-14.01
-14.00
-14.00
-13.99
-13.97
-13.94
-13.92
-13.90
-13.89
-13.88
-13.91
-13.92
-13.95
-13.98
-14.03
-14.09
-14.15
-14.21
-14.26
-14.29
-14.32
-14.35
-14.36
-14.37
-14.37
-14.38
-14.38
-14.39
-14.42
-14.44
-14.46
-14.48
-14.51
-14.52
-14.55
-14.54
-14.56
-14.56
-14.56
-14.55
-14.54
-14.52
-14.50
-14.48
-14.46
-14.45
-14.44
-14.41
-14.42
-14.40
-14.39
-14.38
-14.39
-14.39
-14.39
-14.40
-14.39
-14.40
-14.41
-14.43
-14.44
-14.46
-14.49
-14.51
-14.53
-14.55
-14.56
-14.56
-14.55
-14.54
-14.52
-14.52
-14.51
-14.49
-14.45
-14.43
-14.40
-14.36
-14.33
-14.32
-14.30
-14.28
-14.26
-14.23
-14.21
-14.20
-14.18
-14.16
-14.16
-14.14
-14.13
-14.13
-14.13
-14.11
-14.12
-14.14
-14.15
-14.17
-14.19
-14.22
-14.25
-14.27
-14.30
-14.30
-14.31
-14.31
-14.30
-14.29
-14.29
-14.28
-14.27
-14.26
-14.26
-14.27
-14.29
-14.30
-14.31
-14.30
-14.29
-14.29
-14.29
-14.30
-14.31
-14.31
-14.32
-14.32
-14.32
-14.32
-14.32
-14.33
-14.35
-14.37
-14.38
-14.39
-14.37
-14.37
-14.37
-14.37
-14.37
-14.36
-14.35
-14.35
-14.36
-14.36
-14.38
-14.38
-14.40
-14.40
-14.41
-14.40
-14.41
-14.41
-14.40
-14.39
-14.37
-14.34
-14.32
-14.30
-14.28
-14.24
-14.22
-14.19
-14.17
-14.15
-14.13
-14.08
-13.98
-13.98
-13.92
-13.69
-13.59
-13.62
-13.45
-13.30
-13.37
-13.36
-13.22
-13.15
-13.12
-13.08
-13.08
-13.05
-13.04
-13.08
-13.05
-13.01
-12.97
-12.94
-12.89
-12.85
-12.85
-12.84
-12.86
-12.89
-12.90
-12.94
-12.97
-12.99
-13.00
-13.00
-13.01
-12.99
-12.98
-12.97
-12.95
-12.92
-12.88
-12.85
-12.73
-12.62
-12.45
-12.25
-12.07
-11.91
-11.75
-11.59
-11.45
-11.27
-11.14
-10.95
-10.84
-10.73
-10.65
-10.61
-10.60
-10.61
-10.66
-10.73
-10.76
-10.80
-10.85
-10.91
-11.01
-11.10
-11.20
-11.26
-11.34
-11.38
-11.39
-11.44
-11.45
-11.41
-11.41
-11.37
-11.32
-11.28
-11.20
-11.09
-11.02
-10.92
-10.85
-10.80
-10.78
-10.77
-10.76
-10.74
-10.74
-10.73
-10.70
-10.68
-10.68
-10.71
-10.79
-10.84
-10.88
-10.90
-10.90
-10.87
-10.85
-10.83
-10.82
-10.81
-10.83
-10.82
-10.81
-10.76
-10.73
-10.69
-10.66
-10.59
-10.55
-10.50
-10.43
-10.33
-10.25
-10.15
-10.08
-10.01
-9.95
-9.88
-9.83
-9.77
-9.72
-9.69
-9.67
-9.65
-9.63
-9.64
-9.66
-9.68
-9.70
-9.72
-9.71
-9.68
-9.66
-9.64
-9.61
-9.62
-9.63
-9.64
-9.63
-9.63
-9.63
-9.63
-9.63
-9.60
-9.58
-9.55
-9.50
-9.48
-9.45
-9.43
-9.40
-9.37
-9.34
-9.30
-9.23
-9.19
-9.13
-9.09
-9.04
-9.00
-8.97
-8.94
-8.89
-8.84
-8.79
-8.75
-8.70
-8.65
-8.60
-8.57
-8.53
-8.51
-8.48
-8.45
-8.42
-8.39
-8.38
-8.36
-8.36
-8.36
-8.36
-8.36
-8.37
-8.37
-8.37
-8.36
-8.35
-8.34
-8.33
-8.30
-8.27
-8.25
-8.20
-8.15
-8.11
-8.05
-7.99
-7.94
-7.89
-7.82
-7.76
-7.70
-7.63
-7.58
-7.51
-7.44
-7.37
-7.30
-7.23
-7.17
-7.10
-7.05
-6.99
-6.94
-6.91
-6.86
-6.83
-6.80
-6.76
-6.72
-6.69
-6.65
-6.62
-6.58
-6.55
-6.51
-6.48
-6.45
-6.41
-6.38
-6.33
-6.28
-6.25
-6.20
-6.15
-6.10
-6.05
-6.00
-5.94
-5.89
-5.83
-5.77
-5.72
-5.65
-5.60
-5.54
-5.48
-5.40
-5.34
-5.28
-5.21
-5.14
-5.07
-5.02
-4.98
-4.92
-4.86
-4.82
-4.78
-4.74
-4.70
-4.66
-4.63
-4.61
-4.58
-4.56
-4.54
-4.52
-4.48
-4.48
-4.44
-4.43
-4.41
-4.39
-4.37
-4.36
-4.35
-4.34
-4.32
-4.30
-4.29
-4.28
-4.25
-4.23
-4.19
-4.15
-4.14
-4.11
-4.08
-4.05
-4.02
-4.00
-3.97
-3.94
-3.90
-3.87
-3.84
-3.80
-3.75
-3.71
-3.66
-3.64
-3.60
-3.55
-3.51
-3.48
-3.41
-3.37
-3.33
-3.29
-3.23
-3.18
-3.14
-3.10
-3.06
-3.02
-2.97
-2.92
-2.87
-2.84
-2.79
-2.75
-2.70
-2.67
-2.61
-2.57
-2.50
-2.46
-2.42
-2.36
-2.33
-2.28
-2.24
-2.20
-2.15
-2.12
-2.08
-2.05
-2.02
-1.98
-1.95
-1.94
-1.92
-1.89
-1.87
-1.85
-1.83
-1.82
-1.80
-1.77
-1.77
-1.75
-1.73
-1.71
-1.70
-1.69
-1.69
-1.69
-1.67
-1.66
-1.65
-1.64
-1.64
-1.63
-1.62
-1.60
-1.60
-1.59
-1.57
-1.56
-1.55
-1.55
-1.54
-1.53
-1.51
-1.48
-1.47
-1.46
-1.45
-1.43
-1.42
-1.41
-1.40
-1.38
-1.36
-1.35
-1.32
-1.30
-1.28
-1.25
-1.24
-1.22
-1.20
-1.18
-1.17
-1.16
-1.13
-1.10
-1.08
-1.07
-1.05
-1.04
-1.02
-1.00
-0.99
-0.96
-0.95
-0.93
-0.91
-0.89
-0.88
-0.86
-0.85
-0.84
-0.83
-0.82
-0.81
-0.79
-0.79
-0.78
-0.76
-0.75
-0.74
-0.73
-0.73
-0.72
-0.71
-0.70
-0.70
-0.69
-0.69
-0.69
-0.70
-0.69
-0.69
-0.69
-0.69
-0.68
-0.67
-0.68
-0.67
-0.67
-0.66
-0.66
-0.65
-0.65
-0.63
-0.63
-0.62
-0.62
-0.61
-0.60
-0.60
-0.59
-0.57
-0.56
-0.55
-0.55
-0.55
-0.53
-0.53
-0.53
-0.52
-0.52
-0.52
-0.51
-0.50
-0.49
-0.49
-0.48
-0.47
-0.46
-0.46
-0.46
-0.44
-0.44
-0.43
-0.42
-0.41
-0.41
-0.39
-0.39
-0.39
-0.38
-0.38
-0.37
-0.37
-0.37
-0.35
-0.37
-0.35
-0.34
-0.34
-0.34
-0.34
-0.33
-0.32
-0.32
-0.32
-0.32
-0.31
-0.31
-0.30
-0.29
-0.29
-0.29
-0.29
-0.28
-0.27
-0.27
-0.26
-0.25
-0.26
-0.25
-0.25
-0.25
-0.23
-0.23
-0.23
-0.23
-0.22
-0.21
-0.21
-0.20
-0.21
-0.20
-0.20
-0.19
-0.19
-0.18
-0.19
-0.18
-0.19
-0.18
-0.18
-0.18
-0.17
-0.17
-0.16
-0.16
-0.15
-0.16
-0.18
-0.16
-0.16
-0.16
-0.15
-0.15
-0.14
-0.14
-0.14
-0.14
-0.14
-0.14
-0.12
-0.12
-0.12
-0.12
-0.12
-0.12
-0.12
-0.12
-0.11
-0.11
-0.10
-0.10
-0.09
-0.09
-0.08
-0.08
-0.08
-0.07
-0.08
-0.08
-0.07
-0.07
-0.07
-0.06
-0.06
-0.05
-0.05
-0.05
-0.06
-0.05
-0.05
-0.05
-0.04
-0.04
-0.04
-0.03
-0.04
-0.03
-0.03
-0.04
-0.02
-0.02
-0.02
-0.02
-0.01
-0.01
-0.02
-0.03
-0.02
-0.02
-0.01
-0.02
-0.02
-0.01
-0.02
-0.01
-0.01
-0.02
-0.01
-0.01
-0.01
0.00
-0.02
-0.01
-0.01
-0.01
-0.01
-0.01
-0.01
0.00
-0.01
-0.01
0.00
-0.01
-0.01
0.00
0.00
0.00
0.00
0.00
0.01
0.00
0.00
0.00
0.00
0.00
0.00
0.00
0.01
0.00
0.00
0.00
-0.01
0.00
0.01
0.01
0.01
0.01
0.00
0.01
0.00
0.00
0.00
-0.01
0.00
0.00
0.00
0.00
0.00
0.01
0.00
0.01
0.00
0.01
0.01
0.00
0.01
0.00
0.00
0.01
0.00
0.01
0.01
0.00
0.00
0.00
0.01
0.00
0.00
0.00
0.00
-0.01
0.00
0.00
0.00
0.00
0.00
0.00
0.01
0.00
0.00
0.00
0.00
0.00
0.00
0.00
0.01
0.01
0.00
0.00
0.01
0.00
0.00
0.01
0.00
0.00
0.00
0.00
0.00
0.00
-0.01
-0.01
0.00
-0.02
-0.02
-0.01
-0.02
-0.02
-0.02
0.00
0.00
-0.01
-0.01
-0.02
-0.02
-0.01
-0.02
-0.02
-0.03
-0.02
-0.03
-0.03
-0.03
-0.03
-0.02
-0.02
-0.01
-0.02
-0.03
-0.03
-0.01
-0.02
-0.02
-0.01
-0.02
-0.01
-0.02
-0.02
-0.02
-0.01
-0.02
-0.02
-0.01
-0.02
-0.04
-0.03
-0.03
-0.04
-0.04
-0.05
-0.04
-0.06
-0.05
-0.04
-0.05
-0.05
-0.05
-0.04
-0.05
-0.04
-0.07
-0.07
-0.07
-0.07
-0.06
-0.07
-0.07
-0.08
-0.08
-0.08
-0.09
-0.08
-0.09
-0.09
-0.09
-0.09
-0.09
-0.09
-0.10
-0.09
-0.09
-0.08
-0.10
-0.10
-0.10
-0.09
-0.09
-0.10
-0.10
-0.10
-0.10
-0.10
-0.10
-0.11
-0.11
-0.10
-0.11
-0.11
-0.12
-0.13
-0.13
-0.14
-0.12
-0.13
-0.13
-0.14
-0.13
-0.13
-0.14
-0.13
-0.15
-0.15
-0.15
-0.14
-0.15
-0.16
-0.15
-0.15
-0.15
-0.17
-0.17
-0.16
-0.16
-0.17
-0.17
-0.17
-0.17
-0.18
-0.19
-0.19
-0.19
-0.19
-0.20
-0.20
-0.20
-0.19
-0.20
-0.20
-0.21
-0.22
-0.24
-0.23
-0.23
-0.23
-0.23
-0.22
-0.23
-0.23
-0.23
-0.24
-0.24
-0.23
-0.23
-0.24
-0.24
-0.25
-0.25
-0.25
-0.25
-0.24
-0.24
-0.24
-0.23
-0.24
-0.24
-0.24
-0.23
-0.23
-0.25
-0.24
-0.24
-0.24
-0.24
-0.24
-0.24
-0.24
-0.25
-0.25
-0.25
-0.26
-0.27
-0.25
-0.26
-0.27
-0.27
-0.26
-0.26
-0.27
-0.26
-0.26
-0.26
-0.27
-0.26
-0.26
-0.26
-0.25
-0.24
-0.24
-0.25
-0.24
-0.23
-0.24
-0.24
-0.23
-0.22
-0.22
-0.21
-0.22
-0.21
-0.21
-0.21
-0.20
-0.20
-0.20
-0.18
-0.19
-0.19
-0.18
-0.19
-0.18
-0.18
-0.18
-0.17
-0.18
-0.17
-0.17
-0.16
-0.17
-0.17
-0.18
-0.18
-0.18
-0.18
-0.19
-0.20
-0.20
-0.20
-0.21
-0.21
-0.22
-0.22
-0.21
-0.23
-0.22
-0.22
-0.22
-0.23
-0.24
-0.23
-0.24
-0.24
-0.23
-0.24
-0.23
-0.23
-0.23
-0.23
-0.24
-0.24
-0.23
-0.23
-0.24
-0.23
-0.23
-0.23
-0.23
-0.24
-0.23
-0.22
-0.23
-0.23
-0.23
-0.23
-0.22
-0.22
-0.21
-0.21
-0.20
-0.20
-0.20
-0.20
-0.20
-0.19
-0.18
-0.17
-0.17
-0.17
-0.17
-0.16
-0.17
-0.16
-0.16
-0.15
-0.16
-0.16
-0.16
-0.15
-0.15
-0.15
-0.15
-0.14
-0.15
-0.15
-0.14
-0.14
-0.14
-0.13
-0.14
-0.14
-0.14
-0.14
-0.13
-0.13
-0.13
-0.12
-0.12
-0.12
-0.13
-0.12
-0.12
-0.12
-0.11
-0.10
-0.11
-0.10
-0.10
-0.10
-0.09
-0.09
-0.08
-0.09
-0.08
-0.08
-0.08
-0.07
-0.06
-0.05
-0.07
-0.06
-0.06
-0.05
-0.05
-0.04
-0.03
-0.03
-0.03
-0.03
-0.03
-0.05
-0.04
-0.03
-0.04
-0.04
-0.05
-0.04
-0.04
-0.04
-0.05
-0.05
-0.04
-0.04
-0.05
-0.04
-0.04
-0.04
-0.04
-0.04
-0.04
-0.03
-0.02
-0.03
-0.02
-0.02
-0.02
-0.02
-0.02
0.00
-0.02
-0.02
-0.02
-0.02
-0.02
-0.02
-0.01
-0.01
-0.01
-0.02
-0.02
-0.02
-0.02
-0.02
-0.01
-0.01
-0.01
-0.03
-0.03
-0.02
-0.03
-0.04
-0.03
-0.04
-0.04
-0.02
-0.04
-0.03
-0.03
-0.02
-0.04
-0.04
-0.04
-0.02
-0.02
-0.03
-0.02
-0.01
-0.01
-0.01
-0.02
-0.02
-0.02
-0.01
0.00
0.00
0.00
0.00
0.01
0.02
0.02
0.00
0.00
-0.01
0.00
0.00
0.00
0.00
0.00
0.00
0.00
0.00
0.00
0.00
0.00
0.00
0.00
0.00
0.00
0.01
0.00
-0.01
0.00
-0.02
-0.01
-0.01
0.00
0.00
0.00
0.01
0.01
0.02
0.00
0.00
0.01
0.00
0.02
0.02
0.02
0.02
0.01
0.01
0.01
0.03
0.01
0.02
0.02
0.02
0.02
0.02
0.02
0.02
0.01
0.01
0.00
0.01
0.01
0.01
0.01
0.01
0.02
0.01
0.01
0.00
0.01
0.01
0.02
0.02
0.02
0.01
0.02
0.02
0.01
0.02
0.02
0.03
0.03
0.02
0.03
0.02
0.02
0.01
0.02
0.01
0.02
0.02
0.01
0.02
0.01
0.02
0.01
0.01
0.02
0.01
0.01
0.01
0.01
0.02
0.02
0.01
0.01
0.01
0.01
0.01
0.02
0.02
0.02
0.03
0.03
0.04
0.03
0.02
0.02
0.03
0.03
0.03
0.03
0.02
0.03
0.03
0.03
0.03
0.03
0.02
0.02
0.02
0.02
0.02
0.02
0.02
0.02
0.02
0.02
0.01
0.02
0.02
0.03
0.03
0.03
0.03
0.03
0.03
0.02
0.02
0.03
0.01
0.02
0.02
0.03
0.03
0.03
0.03
0.03
0.03
0.02
0.03
0.03
0.03
0.03
0.03
0.03
0.03
0.03
0.03
0.02
0.03
0.03
0.02
0.03
0.02
0.01
0.01
0.02
0.03
0.02
0.03
0.03
0.04
0.04
0.03
0.02
0.02
0.02
0.02
0.03
0.03
0.03
0.04
0.03
0.04
0.03
0.03
0.03
0.03
0.04
0.03
0.03
0.03
0.03
0.03
0.04
0.03
0.03
0.03
0.03
0.03
0.03
0.03
0.02
0.02
0.02
0.03
0.02
0.02
0.02
0.02
0.02
0.02
0.02
0.02
0.02
0.03
0.02
0.02
0.02
0.01
0.02
0.02
0.03
0.03
0.03
0.03
0.02
0.03
0.03
0.03
0.02
0.03
0.02
0.03
0.03
0.03
0.04
0.03
0.03
0.04
0.02
0.04
0.03
0.04
0.04
0.04
0.04
0.04
0.04
0.03
0.04
0.04
0.04
0.04
0.02
0.04
0.03
0.02
0.02
0.02
0.03
0.03
0.03
0.02
0.02
0.02
0.02
0.01
0.02
0.02
0.01
0.04
0.03
0.03
0.02
0.02
0.02
0.02
0.03
0.03
0.04
0.03
0.04
0.03
0.02
0.03
0.05
0.03
0.03
0.03
0.04
0.04
0.03
0.04
0.04
0.03
0.03
0.04
0.04
0.04
0.03
0.04
0.04
0.04
0.04
0.03
0.04
0.04
0.04
0.03
0.02
0.04
0.03
0.04
0.02
0.02
0.02
0.01
0.01
0.02
0.03
0.03
0.03
0.03
0.03
0.02
0.02
0.03
0.03
0.02
0.03
0.03
0.04
0.02
0.03
0.02
0.02
0.03
0.04
0.03
0.03
0.04
0.03
0.03
0.03
0.03
0.03
0.03
0.03
0.04
0.04
0.04
0.04
0.03
0.03
0.04
0.03
0.03
0.03
0.04
0.03
0.03
0.04
0.04
0.04
0.03
0.04
0.04
0.04
0.03
0.04
0.04
0.04
0.05
0.04
0.04
0.03
0.02
0.02
0.03
0.03
0.03
0.03
0.02
0.03
0.02
0.03
0.02
0.03
0.03
0.03
0.02
0.04
0.04
0.03
0.03
0.03
0.04
0.04
0.04
0.05
0.04
0.03
0.03
0.03
0.02
0.03
0.03
0.02
0.02
0.02
0.02
0.02
0.03
0.03
0.03
0.03
0.01
0.01
0.02
0.02
0.02
0.02
0.03
0.02
0.03
0.02
0.02
0.02
0.03
0.03
0.03
0.03
0.03
0.03
0.04
0.03
0.03
0.04
0.03
0.02
0.03
0.02
0.02
0.02
0.02
0.02
0.03
0.01
0.02
0.03
0.03
0.03
0.03
0.02
0.01
0.01
0.01
0.02
0.03
0.02
0.02
0.02
0.03
0.04
0.03
0.04
0.04
0.04
0.04
0.03
0.03
0.04
0.04
0.03
0.02
0.03
0.03
0.04
0.04
0.04
0.03
0.04
0.03
0.02
0.02
0.03
0.02
0.01
0.02
0.03
0.03
0.03
0.03
0.03
0.04
0.03
0.03
0.03
0.03
0.04
0.04
0.03
0.03
0.04
0.03
0.03
0.03
0.03
0.03
0.03
0.05
0.04
0.04
0.05
0.04
0.04
0.03
0.03
0.03
0.03
0.03
0.03
0.03
0.03
0.04
0.04
0.03
0.02
0.03
0.03
0.02
0.03
0.03
0.03
0.03
0.02
0.02
0.03
0.03
0.02
0.03
0.02
0.03
0.03
0.03
0.02
0.02
0.02
0.03
0.03
0.03
0.03
0.01
0.02
0.01
0.01
0.02
0.02
0.02
0.03
0.03
0.02
0.03
0.03
0.03
0.02
0.03
0.04
0.03
0.03
0.03
0.03
0.03
0.04
0.03
0.03
0.03
0.03
0.03
0.03
0.04
0.03
0.03
0.03
0.03
0.03
0.02
0.02
0.03
0.03
0.03
0.02
0.02
0.02
0.01
0.02
0.02
0.03
0.02
0.02
0.02
0.03
0.02
0.02
0.01
0.02
0.02
0.02
0.02
0.02
0.02
0.02
0.03
0.02
0.02
0.03
0.02
0.03
0.03
0.03
0.02
0.02
0.02
0.02
0.03
0.02
0.01
0.02
0.02
0.02
0.02
0.02
0.02
0.02
0.02
0.03
0.02
0.02
0.02
0.01
0.02
0.02
0.02
0.02
0.02
0.02
0.03
0.03
0.02
0.02
0.02
0.02
0.01
0.02
0.03
0.02
0.01
0.01
0.01
0.01
0.02
0.02
0.02
0.02
0.01
0.01
0.01
0.01
0.02
0.03
0.03
0.02
0.02
0.02
0.02
0.02
0.02
0.02
0.01
0.02
0.02
0.02
0.02
0.02
0.01
0.00
0.01
0.02
0.02
0.02
0.01
0.02
0.02
0.01
0.01
0.02
0.01
0.02
0.02
0.02
0.02
0.02
0.02
0.02
0.01
0.01
0.01
0.01
0.01
0.02
0.00
0.01
0.00
0.01
0.01
0.01
0.01
0.01
0.01
0.01
0.01
0.01
0.01
0.02
0.02
0.02
0.01
0.01
0.01
0.01
0.01
0.01
0.02
0.01
0.02
0.01
0.01
0.01
0.01
0.01
0.03
0.03
0.02
0.02
0.02
0.02
0.02
0.02
0.01
0.01
0.02
0.02
0.02
0.01
0.01
0.01
0.01
0.01
0.00
0.00
0.01
0.01
0.02
0.01
0.00
